*Vertices 16
1: 17,19,85,121,7
2: 23,6,12,18,45,52,126,40,21,100,156,14,70,44
3: 25,31,72,32,26
4: 56,34,41,13,11
5: 74,145,96,122,68,46,131,142,8,69,67,129,87,135,71,130,86,140,28,16,104,134,47,1,33
6: 80,79,78,15,36,22,43,20,39,35,27,38,37,10,29,9,120,24,5
7: 110,154,97,141,113,95
8: 117,81,77,92,136,76
9: 125,50,51,138,137,94,153
10: 127,55,54,109,75,151,108,73,118,155,124,42
11: 133,57,139,62,112,111,98,30
12: 143,53,88,132,83,91,58,63,59,128,93,89,103,99,102,90,101,82
13: 144,4,2,119,3,84
14: 146,115,114,152,49,66,65,48,123
15: 147,105,148,106,60,64,150,107,149,116,61
16: 157

 *Arcs
3 1 2.1445959647348527
13 16 3.016180727626241
4 3 2.888865144082886
4 1 2.1514926139613246
11 3 3.4965459426009513
11 7 1.338444501860618
6 8 1.8899484326412166
6 1 1.1147468152600974
6 3 1.7142970592547822
6 4 1.4241972442972934
6 11 1.337644672407404
2 1 2.5367002971066763
2 3 2.8841824638626146
2 6 1.4584393006312844
2 4 1.8590921129341975
14 9 4.412267352327436
10 7 0.9670649432422378
10 11 1.7169925093637
10 6 1.0834303559542673
5 7 1.8945404318868504
5 11 1.8589303138889428
5 10 1.3528616284892219
5 1 2.195432730880471
5 3 2.5079448393297614
5 4 1.8684960513549553
5 6 1.063134229542886
5 2 1.3919420129366382
5 8 1.0188709419940714
5 13 3.018870941994071
5 9 7.015977423475555
5 14 4.413849304178384
12 10 1.9204854168015997
12 11 1.2618722973804273
12 2 4.41213253666563
12 5 1.3494415392705568
15 12 0.891477272727272
15 11 4.318936746241752
15 5 1.0350516696203114
